$ 1 0.000005 12.050203812241895 68 5 43
r -416 -352 -416 -304 0 10000
34 default-zenerd 0 1.7143528192810002e-7 0 2 60
z -416 -224 -416 -304 2 default-zenerd
w -416 -304 -384 -304 0
w -384 -272 -384 -240 0
w -304 -352 -416 -352 2
r -240 -288 -240 -352 0 100000
w -272 -352 -240 -352 2
w -208 -352 -240 -352 3
t -288 -288 -288 -352 1 1 -54.48502982112657 0.5296068064879744 100
w -368 -304 -384 -304 2
w -384 -272 -368 -272 2
r -464 -352 -416 -352 0 100
a -368 -288 -288 -288 9 5.5 -5.5 1000000 2.4880645973812676 59.84813218536533 100000
w -240 -224 -416 -224 0
r -240 -224 -240 -288 0 100000
w -384 -240 -272 -240 0
w -272 -240 -272 -288 0
w -272 -288 -240 -288 0
w -416 -224 -416 400 0
w -416 400 -512 400 0
w 672 -320 624 -320 0
w 672 -320 720 -320 0
p 912 -448 912 -320 1 0
f 576 288 624 288 32 3 39
w 624 -320 624 272 1
w 624 304 624 400 0
c 624 -320 624 -368 0 0.000001 -41.96219451349723
r 624 -368 576 -368 0 1000
w 336 -368 576 -368 0
w 144 -448 -32 -448 0
w -32 -448 -464 -448 1
r 336 -368 336 -448 0 50000
w 144 -448 336 -448 0
w 336 -448 720 -448 1
w 576 400 -416 400 0
w 336 -240 336 -368 1
w -208 -352 16 -352 0
w 16 -352 272 -352 0
w 176 -144 176 -272 0
f 176 -272 272 -272 33 1.5 0.02
f 576 320 672 320 32 3 39
f 576 352 720 352 32 3 39
w 672 304 672 -320 0
w 672 336 672 400 0
w 672 400 624 400 0
w 720 336 720 -320 0
w 720 368 720 400 0
w 720 400 672 400 0
209 800 -448 800 -320 0 0.001 59.99999999696574 1
w 720 -448 800 -448 0
w 720 -320 800 -320 0
w 800 -448 864 -448 0
w 864 -448 912 -448 0
w 800 -320 864 -320 0
w 864 -320 912 -320 0
w -464 -352 -464 -448 0
w 272 -256 272 -224 3
r 272 -224 272 -176 0 2000000
w 272 -352 272 -288 0
168 48 -272 64 -272 0 4
w 16 -272 16 -352 0
r 16 -144 16 -272 0 1000000
w 16 -144 48 -144 2
f -48 -128 16 -128 32 1.5 0.02
w 144 -272 176 -272 1
f 176 240 576 240 32 1.5 0.02
f 272 -224 336 -224 32 1.5 0.02
r 576 352 576 400 0 1000000
w 576 -368 576 224 0
w 576 256 576 288 2
g -512 400 -512 448 0
d 720 -320 720 -448 2 default
g 16 -112 16 -96 0
w 176 240 176 -144 0
w 576 400 624 400 0
w 576 288 576 320 0
g 272 -176 272 -144 0
g 336 -208 336 -144 0
w 16 -272 48 -272 0
a -160 -128 -48 -128 9 15 -15 1000000 0.0975711606817808 6.993699086088583 100000
r -208 -112 -208 -64 0 2000
g -208 -64 -208 -32 0
r -208 -112 -208 -352 0 100000
w -208 -112 -160 -112 2
r -160 -144 -160 -64 0 20000
w -160 -64 -208 -64 0
r -160 -144 -160 -224 0 100000
w -160 -224 -160 -416 0
w -160 -416 624 -416 0
w 624 -416 624 -368 0
w 576 320 576 352 0
R -464 -448 -512 -448 0 0 40 60 0 0 0.5
o 22 64 0 4099 80 0.1 0 1
o 48 8 0 4099 80 0.00009765625 1 2 48 3
o 35 8 0 4099 80 0.00009765625 2 2 35 3
o 48 8 0 4099 80 0.00009765625 3 2 48 3
38 91 0 12 60 Batt\svoltage
